Image#  Defocus1  Defocus2  Astig
    0   31776.1   31280.3    0.82
    0   31776.1   31280.3    0.82
    0   31776.1   31280.3    0.82
    1   33185.1   32330.8   76.89
    1   33185.1   32330.8   76.89
    1   33185.1   32330.8   76.89
    1   33185.1   32330.8   76.89
    2   29452.3   30845.0    3.24
    2   29452.3   30845.0    3.24
    2   29452.3   30845.0    3.24
    2   29452.3   30845.0    3.24
    3   28858.6   30016.6   -1.91
    3   28858.6   30016.6   -1.91
    4   25812.7   26812.5   -4.57
    4   25812.7   26812.5   -4.57
    5   27187.6   27669.8   32.60
    6   25891.5   26562.1   -4.38
    7   24812.9   23760.3   75.77
    7   24812.9   23760.3   75.77
    7   24812.9   23760.3   75.77
    8   24336.1   23952.1   68.81
    8   24336.1   23952.1   68.81
    9   30609.3   31465.1    0.92
   10   31105.8   32633.1   -1.78
   10   31105.8   32633.1   -1.78
   10   31105.8   32633.1   -1.78
   10   31105.8   32633.1   -1.78
   10   31105.8   32633.1   -1.78
   11   30001.7   31547.4   -5.30
   11   30001.7   31547.4   -5.30
   11   30001.7   31547.4   -5.30
   11   30001.7   31547.4   -5.30
   12   27749.7   29490.0   -2.01
   12   27749.7   29490.0   -2.01
   13   26564.8   27705.0   -2.16
   13   26564.8   27705.0   -2.16
   14   26307.2   25684.6   41.11
   14   26307.2   25684.6   41.11
   14   26307.2   25684.6   41.11
   14   26307.2   25684.6   41.11
   14   26307.2   25684.6   41.11
   15   23961.6   25160.7   -4.38
   15   23961.6   25160.7   -4.38
   15   23961.6   25160.7   -4.38
   15   23961.6   25160.7   -4.38
   15   23961.6   25160.7   -4.38
   16   31624.3   31970.4   36.16
   17   33296.3   32196.7   79.79
   17   33296.3   32196.7   79.79
   18   28833.2   29531.0   -5.83
   18   28833.2   29531.0   -5.83
   19   30061.2   29704.7   65.79
   19   30061.2   29704.7   65.79
   19   30061.2   29704.7   65.79
   20   28113.1   28068.6   67.07
   20   28113.1   28068.6   67.07
   20   28113.1   28068.6   67.07
   21   27644.1   27973.5   13.99
   21   27644.1   27973.5   13.99
   21   27644.1   27973.5   13.99
   22   27719.0   28278.8    5.29
   23   23914.7   24985.3   -2.71
   24   23172.1   23965.8   -0.40
   25   41721.6   40644.4   65.48
   25   41721.6   40644.4   65.48
   25   41721.6   40644.4   65.48
   25   41721.6   40644.4   65.48
   26   41604.3   41088.4   58.59
   26   41604.3   41088.4   58.59
   27   36844.5   36206.9   48.77
   28   39183.5   39580.9   -6.31
   28   39183.5   39580.9   -6.31
   28   39183.5   39580.9   -6.31
   29   38925.7   38180.5   51.96
   29   38925.7   38180.5   51.96
   30   37004.0   36106.6   77.57
   31   35552.9   36692.1    8.73
   31   35552.9   36692.1    8.73
   32   31016.9   31863.4   -0.74
   32   31016.9   31863.4   -0.74
   33   30376.4   31161.4    3.43
   33   30376.4   31161.4    3.43
   33   30376.4   31161.4    3.43
   34   31272.0   30235.8   75.47
   34   31272.0   30235.8   75.47
   34   31272.0   30235.8   75.47
   34   31272.0   30235.8   75.47
   34   31272.0   30235.8   75.47
   35   29736.0   31271.5   -7.60
   35   29736.0   31271.5   -7.60
   36   30392.9   29029.1   75.04
   37   26281.6   25164.3   71.27
   37   26281.6   25164.3   71.27
   38   26475.1   25563.4   76.05
   39   27292.1   26410.8   76.28
   40   24610.3   25457.9  -11.19
   41   42982.5   44086.5   -7.18
   41   42982.5   44086.5   -7.18
   41   42982.5   44086.5   -7.18
   41   42982.5   44086.5   -7.18
   42   43174.4   42139.8   42.01
   43   40697.6   40014.0   76.99
   43   40697.6   40014.0   76.99
   44   36871.6   37393.9   -1.42
   44   36871.6   37393.9   -1.42
   45   38209.4   37547.1   78.14
   46   35813.5   37323.4   10.54
   47   37343.6   38849.0    4.66
   48   36498.3   35457.8   53.92
   48   36498.3   35457.8   53.92
   49   34254.1   33476.7   60.44
   49   34254.1   33476.7   60.44
   50   30266.2   28830.7   78.51
   50   30266.2   28830.7   78.51
   50   30266.2   28830.7   78.51
   50   30266.2   28830.7   78.51
   51   28952.3   28375.3   57.09
   52   27244.7   27210.4   50.86
   52   27244.7   27210.4   50.86
   52   27244.7   27210.4   50.86
   52   27244.7   27210.4   50.86
   53   28721.4   29122.4   -3.60
   53   28721.4   29122.4   -3.60
   53   28721.4   29122.4   -3.60
   54   26785.0   26451.7   56.39
   55   26064.6   27078.0   -6.72
   56   40804.9   39551.5   69.68
   56   40804.9   39551.5   69.68
   56   40804.9   39551.5   69.68
   57   26579.6   27590.6   -2.64
   58   38539.3   38795.7   29.65
   59   33038.6   33653.1   -2.70
   60   34327.8   34653.8   11.83
   60   34327.8   34653.8   11.83
   60   34327.8   34653.8   11.83
   61   50509.9   48537.4   77.80
   61   50509.9   48537.4   77.80
   62   46352.0   44951.2   79.56
   62   46352.0   44951.2   79.56
   63   44856.7   43811.8   78.28
   63   44856.7   43811.8   78.28
   63   44856.7   43811.8   78.28
   64   44974.9   43846.5   65.70
   65   42882.0   41984.9   62.42
   66   44217.6   43679.2   56.88
   66   44217.6   43679.2   56.88
   66   44217.6   43679.2   56.88
   67   42499.4   43585.1   11.81
   67   42499.4   43585.1   11.81
   68   38737.9   39106.6    7.38
   68   38737.9   39106.6    7.38
   69   39112.7   37608.3   79.17
   70   38404.9   37624.1   69.66
   70   38404.9   37624.1   69.66
   70   38404.9   37624.1   69.66
   70   38404.9   37624.1   69.66
   70   38404.9   37624.1   69.66
   70   38404.9   37624.1   69.66
   71   37896.6   36636.9   69.15
   71   37896.6   36636.9   69.15
   71   37896.6   36636.9   69.15
   72   33842.9   34388.4   -5.05
   72   33842.9   34388.4   -5.05
   72   33842.9   34388.4   -5.05
   73   35796.5   35146.6   39.17
   73   35796.5   35146.6   39.17
   74   34207.9   34297.8  -34.83
   74   34207.9   34297.8  -34.83
   74   34207.9   34297.8  -34.83
   74   34207.9   34297.8  -34.83
   74   34207.9   34297.8  -34.83
   74   34207.9   34297.8  -34.83
   75   34953.2   34220.2   77.18
   75   34953.2   34220.2   77.18
   75   34953.2   34220.2   77.18
   75   34953.2   34220.2   77.18
   75   34953.2   34220.2   77.18
   76   32609.3   33115.9   -6.29
   76   32609.3   33115.9   -6.29
   77   31939.1   32162.1   -9.60
   77   31939.1   32162.1   -9.60
   77   31939.1   32162.1   -9.60
   78   28719.0   27779.6   78.22
   78   28719.0   27779.6   78.22
   78   28719.0   27779.6   78.22
   79   29298.8   28786.1   66.82
   79   29298.8   28786.1   66.82
   79   29298.8   28786.1   66.82
   79   29298.8   28786.1   66.82
   79   29298.8   28786.1   66.82
   80   28731.1   28135.8   44.54
   80   28731.1   28135.8   44.54
   80   28731.1   28135.8   44.54
   80   28731.1   28135.8   44.54
   81   27340.2   26728.0   74.13
   81   27340.2   26728.0   74.13
   81   27340.2   26728.0   74.13
   81   27340.2   26728.0   74.13
   82   23780.0   23994.6  -50.38
   82   23780.0   23994.6  -50.38
   82   23780.0   23994.6  -50.38
   83   22669.0   22182.4   21.54
   84   22255.9   22563.3  -26.12
   84   22255.9   22563.3  -26.12
   85   49660.6   47465.8   77.74
   86   38901.5   40225.6   -5.55
   87   38820.3   38969.0   27.34
   87   38820.3   38969.0   27.34
   87   38820.3   38969.0   27.34
   88   34364.5   33985.7   62.26
   88   34364.5   33985.7   62.26
   89   45540.3   47837.5   -8.45
   89   45540.3   47837.5   -8.45
   89   45540.3   47837.5   -8.45
   90   45817.2   47036.6   22.45
   90   45817.2   47036.6   22.45
   91   41578.4   41294.5   -8.54
   91   41578.4   41294.5   -8.54
   92   41274.6   40611.4   70.40
   92   41274.6   40611.4   70.40
   93   38514.9   37976.4   66.01
   93   38514.9   37976.4   66.01
   93   38514.9   37976.4   66.01
   94   36086.8   36422.7    3.72
   94   36086.8   36422.7    3.72
   94   36086.8   36422.7    3.72
   94   36086.8   36422.7    3.72
   94   36086.8   36422.7    3.72
   95   34964.9   36508.5   -3.34
   95   34964.9   36508.5   -3.34
   96   35045.7   35543.8   29.15
   96   35045.7   35543.8   29.15
   96   35045.7   35543.8   29.15
   97   34031.0   33697.0   75.25
   97   34031.0   33697.0   75.25
   97   34031.0   33697.0   75.25
   98   33884.7   33441.1   74.07
   99   33846.5   32869.9   65.73
   99   33846.5   32869.9   65.73
   99   33846.5   32869.9   65.73
  100   31565.1   30893.3   30.79
  100   31565.1   30893.3   30.79
  100   31565.1   30893.3   30.79
  100   31565.1   30893.3   30.79
  101   30445.1   29865.5   64.17
  101   30445.1   29865.5   64.17
  101   30445.1   29865.5   64.17
  102   30141.3   29615.5   56.51
  102   30141.3   29615.5   56.51
  103   29954.9   28951.5   66.39
  103   29954.9   28951.5   66.39
  103   29954.9   28951.5   66.39
  104   27372.9   27000.0   67.77
  105   25641.0   25085.1   70.97
  105   25641.0   25085.1   70.97
  105   25641.0   25085.1   70.97
  106   24354.7   23852.2   55.12
  106   24354.7   23852.2   55.12
  106   24354.7   23852.2   55.12
  107   43490.6   44623.8    9.20
  107   43490.6   44623.8    9.20
  107   43490.6   44623.8    9.20
  108   43166.2   44100.6    3.94
  109   41824.0   42537.3   -5.93
  109   41824.0   42537.3   -5.93
  110   38854.1   40805.1   -6.78
  111   40863.3   42497.7  -11.43
  112   42663.0   41230.1   76.69
  112   42663.0   41230.1   76.69
  113   38300.6   39161.8   -7.83
  113   38300.6   39161.8   -7.83
  113   38300.6   39161.8   -7.83
  114   40006.6   41112.4   -3.47
  115   38836.5   39138.7  -17.88
  115   38836.5   39138.7  -17.88
  116   34199.4   33620.7   69.11
  116   34199.4   33620.7   69.11
  116   34199.4   33620.7   69.11
  116   34199.4   33620.7   69.11
  117   33770.0   34697.3   -4.82
  118   29016.8   29558.5   10.56
  118   29016.8   29558.5   10.56
  119   29900.0   30292.0   -3.48
  119   29900.0   30292.0   -3.48
  119   29900.0   30292.0   -3.48
  120   24944.3   25362.2  -13.15
  120   24944.3   25362.2  -13.15
  121   24534.2   23937.3   52.36
  121   24534.2   23937.3   52.36
  121   24534.2   23937.3   52.36
  121   24534.2   23937.3   52.36
  122   24721.7   23438.2   71.83
  122   24721.7   23438.2   71.83
  122   24721.7   23438.2   71.83
  123   47557.2   49118.2   -0.24
  123   47557.2   49118.2   -0.24
  123   47557.2   49118.2   -0.24
  124   41413.2   42336.9   -9.81
  124   41413.2   42336.9   -9.81
  124   41413.2   42336.9   -9.81
  124   41413.2   42336.9   -9.81
  125   41486.4   42447.8   -6.68
  125   41486.4   42447.8   -6.68
  126   34058.6   34837.2   15.11
  126   34058.6   34837.2   15.11
  126   34058.6   34837.2   15.11
  126   34058.6   34837.2   15.11
  127   26792.8   27688.5   -4.21
  128   45660.7   47231.3   -2.94
  128   45660.7   47231.3   -2.94
  128   45660.7   47231.3   -2.94
  128   45660.7   47231.3   -2.94
  129   41118.8   43037.2   -9.47
  129   41118.8   43037.2   -9.47
  129   41118.8   43037.2   -9.47
  130   38306.6   37104.4   71.57
  130   38306.6   37104.4   71.57
  131   38720.1   39855.8   -6.12
  131   38720.1   39855.8   -6.12
  132   37474.8   37198.0   30.63
  132   37474.8   37198.0   30.63
  132   37474.8   37198.0   30.63
  133   36291.9   35745.5   67.48
  134   33026.3   34124.6   13.41
  135   31310.4   30900.9   75.06
  135   31310.4   30900.9   75.06
  135   31310.4   30900.9   75.06
  135   31310.4   30900.9   75.06
  136   31356.4   30943.9   73.01
  136   31356.4   30943.9   73.01
  136   31356.4   30943.9   73.01
  136   31356.4   30943.9   73.01
  137   28255.4   27693.8   72.16
  138   28983.8   28550.1   71.24
  138   28983.8   28550.1   71.24
  139   27087.9   26223.8   79.68
  139   27087.9   26223.8   79.68
  139   27087.9   26223.8   79.68
  140   28337.0   27799.3   66.15
  141   24193.9   25013.1    6.19
  141   24193.9   25013.1    6.19
  142   45769.5   47115.9  -11.00
  142   45769.5   47115.9  -11.00
  143   45868.4   43736.6   22.16
  143   45868.4   43736.6   22.16
  143   45868.4   43736.6   22.16
  144   41509.9   42992.6    2.77
  144   41509.9   42992.6    2.77
  145   32095.0   33073.1    1.98
  145   32095.0   33073.1    1.98
  145   32095.0   33073.1    1.98
  145   32095.0   33073.1    1.98
  145   32095.0   33073.1    1.98
  146   42053.5   43661.1   -7.16
  146   42053.5   43661.1   -7.16
  147   44693.2   46510.8   -2.55
  147   44693.2   46510.8   -2.55
  147   44693.2   46510.8   -2.55
  148   42046.0   41196.1   57.46
  148   42046.0   41196.1   57.46
  149   43945.0   43568.4   62.74
  150   40345.2   42059.1   -7.40
  150   40345.2   42059.1   -7.40
  150   40345.2   42059.1   -7.40
  150   40345.2   42059.1   -7.40
  150   40345.2   42059.1   -7.40
  151   37935.9   36860.7   77.55
  151   37935.9   36860.7   77.55
  151   37935.9   36860.7   77.55
  151   37935.9   36860.7   77.55
  152   39726.2   38855.5   65.78
  152   39726.2   38855.5   65.78
  152   39726.2   38855.5   65.78
  152   39726.2   38855.5   65.78
  153   38047.3   38151.7   14.04
  153   38047.3   38151.7   14.04
  154   35558.2   33706.1   79.23
  155   33230.5   32567.8   65.33
  156   30212.0   30682.1   -0.58
  156   30212.0   30682.1   -0.58
  156   30212.0   30682.1   -0.58
  156   30212.0   30682.1   -0.58
  157   29039.7   28099.1   62.70
  157   29039.7   28099.1   62.70
  158   28961.2   28209.2   75.89
  159   29008.8   28177.6   78.10
  159   29008.8   28177.6   78.10
  159   29008.8   28177.6   78.10
  160   23311.0   24190.1    4.58
  161   45730.8   49048.3   -2.18
  161   45730.8   49048.3   -2.18
  162   43519.4   44022.6    8.44
  162   43519.4   44022.6    8.44
  162   43519.4   44022.6    8.44
  163   40936.9   42779.6    0.53
  163   40936.9   42779.6    0.53
  164   41293.6   39782.7   76.75
  164   41293.6   39782.7   76.75
  164   41293.6   39782.7   76.75
  165   41868.1   40897.5   67.29
  165   41868.1   40897.5   67.29
  166   38528.2   38092.8   19.80
  166   38528.2   38092.8   19.80
  167   39291.8   38335.1   68.47
  167   39291.8   38335.1   68.47
  168   38464.1   39330.8   -0.48
  168   38464.1   39330.8   -0.48
  169   38974.6   38430.8   63.25
  169   38974.6   38430.8   63.25
  170   35452.1   37283.4   -2.26
  170   35452.1   37283.4   -2.26
  170   35452.1   37283.4   -2.26
  171   33985.6   33357.2   45.69
  171   33985.6   33357.2   45.69
  171   33985.6   33357.2   45.69
  172   30089.9   28492.9   75.31
  172   30089.9   28492.9   75.31
  173   31285.0   31473.3  -55.82
  173   31285.0   31473.3  -55.82
  173   31285.0   31473.3  -55.82
  174   26729.8   26991.8  -17.90
  175   26887.6   26201.5   71.53
  175   26887.6   26201.5   71.53
  175   26887.6   26201.5   71.53
  176   26257.1   25295.7   55.33
  176   26257.1   25295.7   55.33
  176   26257.1   25295.7   55.33
  176   26257.1   25295.7   55.33
  177   35243.3   34083.8   61.73
  177   35243.3   34083.8   61.73
  178   36657.2   36397.9   26.53
  178   36657.2   36397.9   26.53
  178   36657.2   36397.9   26.53
  179   31483.5   30886.9   64.05
  180   50058.7   49457.8   48.46
  180   50058.7   49457.8   48.46
  180   50058.7   49457.8   48.46
  181   45589.5   46678.9   10.15
  181   45589.5   46678.9   10.15
  181   45589.5   46678.9   10.15
  181   45589.5   46678.9   10.15
  182   41907.3   44353.9   -4.81
  182   41907.3   44353.9   -4.81
  182   41907.3   44353.9   -4.81
  183   41654.3   40630.5   78.83
  184   36403.4   38596.6   -6.84
  184   36403.4   38596.6   -6.84
  184   36403.4   38596.6   -6.84
  185   38303.4   39538.3   -9.85
  185   38303.4   39538.3   -9.85
  185   38303.4   39538.3   -9.85
  186   35720.0   36963.1   -3.52
  187   35945.9   34308.3   70.04
  187   35945.9   34308.3   70.04
  188   35691.8   36801.7   -3.29
  188   35691.8   36801.7   -3.29
  188   35691.8   36801.7   -3.29
  189   33113.8   31863.5   76.45
  189   33113.8   31863.5   76.45
  189   33113.8   31863.5   76.45
  189   33113.8   31863.5   76.45
  190   31256.3   30609.9   58.90
  191   28207.1   29417.2  -10.56
  191   28207.1   29417.2  -10.56
  191   28207.1   29417.2  -10.56
  191   28207.1   29417.2  -10.56
  192   29354.3   29742.9    7.99
  192   29354.3   29742.9    7.99
  193   29101.2   29502.4   -8.41
  194   44576.5   43567.9   61.00
  194   44576.5   43567.9   61.00
  195   43533.9   44830.5   -1.34
  195   43533.9   44830.5   -1.34
  195   43533.9   44830.5   -1.34
  195   43533.9   44830.5   -1.34
  196   38345.4   37144.7   69.02
  196   38345.4   37144.7   69.02
  196   38345.4   37144.7   69.02
  197   39606.5   39003.8   51.79
  198   37230.8   36085.6   59.40
  198   37230.8   36085.6   59.40
  199   37607.4   36680.6   78.79
  199   37607.4   36680.6   78.79
  200   35234.9   34218.1   64.78
  200   35234.9   34218.1   64.78
  201   35119.2   34428.9   64.81
  202   30421.4   31227.8   15.51
  202   30421.4   31227.8   15.51
  203   27506.3   27150.7   52.69
  204   26356.2   28315.6   -4.53
  204   26356.2   28315.6   -4.53
  204   26356.2   28315.6   -4.53
  205   25942.0   25535.4   28.15
  205   25942.0   25535.4   28.15
  206   38852.9   38298.1   56.73
  207   52854.3   50076.4    7.32
  207   52854.3   50076.4    7.32
  207   52854.3   50076.4    7.32
  208   49621.9   48776.7   41.58
  208   49621.9   48776.7   41.58
  208   49621.9   48776.7   41.58
  208   49621.9   48776.7   41.58
  209   46480.8   47313.5   -5.98
  209   46480.8   47313.5   -5.98
  209   46480.8   47313.5   -5.98
  209   46480.8   47313.5   -5.98
  209   46480.8   47313.5   -5.98
  210   43761.7   45321.9   43.56
  211   42269.2   42635.0   40.94
  212   40798.1   39923.0   42.94
  212   40798.1   39923.0   42.94
  213   36919.9   36155.2   68.06
  214   36264.3   35797.9   36.64
  214   36264.3   35797.9   36.64
  214   36264.3   35797.9   36.64
  215   33417.8   34226.6   -8.86
  215   33417.8   34226.6   -8.86
  216   36000.0   35713.6   51.59
  216   36000.0   35713.6   51.59
  216   36000.0   35713.6   51.59
  217   37677.7   37434.8   -0.38
  217   37677.7   37434.8   -0.38
  217   37677.7   37434.8   -0.38
  218   34366.2   33684.2   57.41
  219   28266.5   28564.6  -16.62
  219   28266.5   28564.6  -16.62
  219   28266.5   28564.6  -16.62
  220   30818.0   31712.5   -6.24
  221   41098.8   40609.4   40.29
  221   41098.8   40609.4   40.29
  221   41098.8   40609.4   40.29
  222   44079.3   42269.5   76.24
  223   41668.9   41076.7   67.14
  224   35769.1   34133.5   71.49
  224   35769.1   34133.5   71.49
  224   35769.1   34133.5   71.49
  224   35769.1   34133.5   71.49
  225   33194.5   32175.0   67.59
  226   44380.3   41793.6   37.67
  227   42903.3   46915.5   -6.19
  227   42903.3   46915.5   -6.19
  227   42903.3   46915.5   -6.19
  227   42903.3   46915.5   -6.19
  227   42903.3   46915.5   -6.19
  228   38986.7   39472.1   -8.24
  228   38986.7   39472.1   -8.24
  228   38986.7   39472.1   -8.24
  228   38986.7   39472.1   -8.24
  229   36073.4   35712.3   80.57
  229   36073.4   35712.3   80.57
  229   36073.4   35712.3   80.57
  229   36073.4   35712.3   80.57
  229   36073.4   35712.3   80.57
  230   32446.4   31588.1   35.02
  231   28751.6   29671.5   12.20
  232   28068.1   28731.3    3.13
  233   28081.6   27717.8   31.80
  233   28081.6   27717.8   31.80
  234   28445.1   27045.5   -9.60
  234   28445.1   27045.5   -9.60
  234   28445.1   27045.5   -9.60
  235   33919.4   35675.0   -1.96
  236   34089.5   35127.8   -5.73
  237   33029.1   37258.3   -5.67
  238   32488.8   32607.5  -30.75
  238   32488.8   32607.5  -30.75
  238   32488.8   32607.5  -30.75
  239   34950.6   33584.0   73.49
  239   34950.6   33584.0   73.49
  240   33724.0   34365.6   70.70
  241   29227.9   28141.6   -1.63
  242   28132.9   28624.3   60.20
  242   28132.9   28624.3   60.20
  243   30852.1   31678.5   24.29
  243   30852.1   31678.5   24.29
  244   28673.5   27912.9   72.61
  245   40035.3   40576.6   13.57
  245   40035.3   40576.6   13.57
  246   35819.8   36098.1    6.31
  246   35819.8   36098.1    6.31
  246   35819.8   36098.1    6.31
  246   35819.8   36098.1    6.31
  247   37966.0   38643.7   15.37
  247   37966.0   38643.7   15.37
  248   34619.6   35606.4    6.70
  248   34619.6   35606.4    6.70
  248   34619.6   35606.4    6.70
  248   34619.6   35606.4    6.70
  249   31072.7   32461.3   -8.31
  250   42791.4   44483.1   12.63
  251   41007.9   42068.7   23.48
  251   41007.9   42068.7   23.48
  251   41007.9   42068.7   23.48
  251   41007.9   42068.7   23.48
  251   41007.9   42068.7   23.48
  252   42315.4   41058.1   63.37
  252   42315.4   41058.1   63.37
  253   41908.4   40877.4   72.27
  253   41908.4   40877.4   72.27
  253   41908.4   40877.4   72.27
  254   38351.6   39032.5   37.42
  254   38351.6   39032.5   37.42
  254   38351.6   39032.5   37.42
  255   38633.1   37220.1   59.20
  256   36614.9   40140.6   28.02
  256   36614.9   40140.6   28.02
  257   36787.5   38527.4    3.92
  257   36787.5   38527.4    3.92
  257   36787.5   38527.4    3.92
  258   32216.6   33575.1   38.15
  258   32216.6   33575.1   38.15
  258   32216.6   33575.1   38.15
  258   32216.6   33575.1   38.15
  259   31655.4   29882.1   54.59
  259   31655.4   29882.1   54.59
  259   31655.4   29882.1   54.59
  259   31655.4   29882.1   54.59
  260   26830.4   25575.5   72.39
  260   26830.4   25575.5   72.39
  260   26830.4   25575.5   72.39
  260   26830.4   25575.5   72.39
  261   34851.8   35657.1    5.30
  262   32579.2   33368.2   11.08
  263   30901.5   31936.3   14.99
  264   42144.9   43100.3   -5.65
  265   34713.3   35656.8   18.90
  265   34713.3   35656.8   18.90
  266   39041.1   38567.2   64.60
  266   39041.1   38567.2   64.60
  267   39159.3   38466.2    4.87
  268   35170.2   36124.1   18.51
  268   35170.2   36124.1   18.51
  268   35170.2   36124.1   18.51
  268   35170.2   36124.1   18.51
  269   42095.5   41334.5   67.99
  269   42095.5   41334.5   67.99
  269   42095.5   41334.5   67.99
  270   31013.7   29986.0   77.85
  270   31013.7   29986.0   77.85
  270   31013.7   29986.0   77.85
  270   31013.7   29986.0   77.85
  271   28141.0   27604.8   -1.68
  271   28141.0   27604.8   -1.68
  271   28141.0   27604.8   -1.68
  272   30096.6   27595.2   44.70
  272   30096.6   27595.2   44.70
  272   30096.6   27595.2   44.70
  273   45159.5   42279.1   57.45
  273   45159.5   42279.1   57.45
  273   45159.5   42279.1   57.45
  273   45159.5   42279.1   57.45
  274   44150.6   41360.1   72.63
  274   44150.6   41360.1   72.63
  275   38781.9   40520.9   -9.49
  275   38781.9   40520.9   -9.49
  276   39281.7   39864.2    2.68
  276   39281.7   39864.2    2.68
  276   39281.7   39864.2    2.68
  277   37856.8   37203.6   66.48
  277   37856.8   37203.6   66.48
  277   37856.8   37203.6   66.48
  278   37570.1   36348.4   60.69
  278   37570.1   36348.4   60.69
  278   37570.1   36348.4   60.69
  279   36123.1   37286.8    2.68
  279   36123.1   37286.8    2.68
  279   36123.1   37286.8    2.68
  279   36123.1   37286.8    2.68
  279   36123.1   37286.8    2.68
  280   45285.7   44833.2   15.38
  280   45285.7   44833.2   15.38
  281   42088.2   41167.5   50.97
  281   42088.2   41167.5   50.97
  281   42088.2   41167.5   50.97
  282   32572.4   31751.4   60.74
  282   32572.4   31751.4   60.74
  282   32572.4   31751.4   60.74
  283   29258.6   28919.5   27.95
  283   29258.6   28919.5   27.95
  284   29711.3   29019.6   58.48
  285   29189.3   28852.6   -1.81
  286   26418.1   26018.0   72.74
  286   26418.1   26018.0   72.74
  287   26126.6   25653.0   30.03
  288   36187.9   35250.0   70.01
  289   36579.7   36352.5   14.67
  289   36579.7   36352.5   14.67
  289   36579.7   36352.5   14.67
  290   32528.9   31725.6   56.71
  290   32528.9   31725.6   56.71
  291   29209.2   28753.4   24.40
  291   29209.2   28753.4   24.40
  292   43671.2   42163.0   62.54
  293   38725.0   39175.8  -22.90
  293   38725.0   39175.8  -22.90
  293   38725.0   39175.8  -22.90
  294   36337.9   36106.4   73.00
  294   36337.9   36106.4   73.00
  295   25407.8   24927.4   45.35
  295   25407.8   24927.4   45.35
  296   33150.1   33535.7   -9.70
  296   33150.1   33535.7   -9.70
  297   38174.4   37654.8   28.92
  298   35440.8   36284.1   -4.78
  298   35440.8   36284.1   -4.78
  299   35799.3   36804.1   -2.85
  299   35799.3   36804.1   -2.85
  300   36522.2   35033.8   73.97
  301   32902.0   32143.8    8.59
  301   32902.0   32143.8    8.59
  301   32902.0   32143.8    8.59
  301   32902.0   32143.8    8.59
  302   33445.4   32787.8   71.46
  303   29858.2   30940.5   -6.15
  303   29858.2   30940.5   -6.15
  303   29858.2   30940.5   -6.15
  303   29858.2   30940.5   -6.15
  304   29036.4   28526.6   55.63
  304   29036.4   28526.6   55.63
  305   28164.4   27987.0  -69.77
  305   28164.4   27987.0  -69.77
  306   25560.4   24960.0   66.47
  306   25560.4   24960.0   66.47
  306   25560.4   24960.0   66.47
  307   42085.0   40955.6   76.71
  307   42085.0   40955.6   76.71
  308   45887.8   43370.8   76.31
  308   45887.8   43370.8   76.31
  308   45887.8   43370.8   76.31
  309   48895.3   49942.7    1.93
  309   48895.3   49942.7    1.93
  309   48895.3   49942.7    1.93
  310   31644.3   30815.5   78.48
  310   31644.3   30815.5   78.48
  310   31644.3   30815.5   78.48
  311   34824.3   34051.2   74.88
  311   34824.3   34051.2   74.88
  312   31477.1   32517.3   -8.80
  313   32148.2   30607.7   59.88
  313   32148.2   30607.7   59.88
  313   32148.2   30607.7   59.88
  313   32148.2   30607.7   59.88
  314   35563.7   37723.8   -7.81
  314   35563.7   37723.8   -7.81
  314   35563.7   37723.8   -7.81
  315   38932.5   38071.6   72.48
  316   43252.2   41352.4   75.98
  316   43252.2   41352.4   75.98
  317   27457.8   26533.6   72.13
  317   27457.8   26533.6   72.13
  317   27457.8   26533.6   72.13
  318   36100.8   34335.8   70.49
  318   36100.8   34335.8   70.49
  319   38584.3   36044.5   73.34
  320   32914.3   31515.7   59.82
  320   32914.3   31515.7   59.82
  321   37820.1   36747.6   77.09
  322   32549.6   31560.3   65.98
  322   32549.6   31560.3   65.98
  323   35678.6   36296.6   -8.42
  323   35678.6   36296.6   -8.42
  323   35678.6   36296.6   -8.42
  323   35678.6   36296.6   -8.42
  324   38518.8   38953.4   -4.90
  324   38518.8   38953.4   -4.90
  325   41243.4   42125.1   -3.33
  325   41243.4   42125.1   -3.33
  325   41243.4   42125.1   -3.33
  326   30242.3   29077.6   77.23
  326   30242.3   29077.6   77.23
  326   30242.3   29077.6   77.23
  326   30242.3   29077.6   77.23
  326   30242.3   29077.6   77.23
  326   30242.3   29077.6   77.23
  327   36707.4   37965.9    6.39
  327   36707.4   37965.9    6.39
  327   36707.4   37965.9    6.39
  327   36707.4   37965.9    6.39
  327   36707.4   37965.9    6.39
  328   36256.6   35426.6   76.79
  329   28923.5   29310.4   11.22
  329   28923.5   29310.4   11.22
  329   28923.5   29310.4   11.22
  329   28923.5   29310.4   11.22
  330   44309.0   46372.3   -6.38
  331   41391.7   40853.7   62.62
  331   41391.7   40853.7   62.62
  331   41391.7   40853.7   62.62
  331   41391.7   40853.7   62.62
  332   41708.4   40030.9   66.39
  333   35703.9   36717.4   -7.78
  334   39074.7   38595.6   65.26
  335   37978.5   36598.3   70.53
  335   37978.5   36598.3   70.53
  336   33321.7   33942.5   19.37
  337   33248.6   34778.7   -3.13
  338   30787.3   32002.0   -7.21
  338   30787.3   32002.0   -7.21
  339   28702.0   27746.8   76.97
  339   28702.0   27746.8   76.97
  340   45774.1   43998.4   69.24
  340   45774.1   43998.4   69.24
  341   36404.8   36455.7  -23.20
  341   36404.8   36455.7  -23.20
  341   36404.8   36455.7  -23.20
  342   40252.6   39282.6    6.50
  342   40252.6   39282.6    6.50
  342   40252.6   39282.6    6.50
  342   40252.6   39282.6    6.50
  343   38072.1   36924.1   67.02
  343   38072.1   36924.1   67.02
  343   38072.1   36924.1   67.02
  344   43933.5   42129.9   64.22
  344   43933.5   42129.9   64.22
  344   43933.5   42129.9   64.22
  345   41145.1   42519.9  -10.90
  345   41145.1   42519.9  -10.90
  346   28837.6   29798.4   -7.90
  346   28837.6   29798.4   -7.90
  347   35509.4   37012.3   -6.99
  347   35509.4   37012.3   -6.99
  347   35509.4   37012.3   -6.99
  348   33416.7   34171.9    1.11
  349   41575.9   43612.1   -4.76
  349   41575.9   43612.1   -4.76
  350   43716.1   45447.4   -4.74
  350   43716.1   45447.4   -4.74
  350   43716.1   45447.4   -4.74
  350   43716.1   45447.4   -4.74
  351   39335.9   40347.4   -5.83
  351   39335.9   40347.4   -5.83
  351   39335.9   40347.4   -5.83
  352   42153.3   41022.9   57.68
  352   42153.3   41022.9   57.68
  353   36973.7   38437.6   -0.05
  354   39379.3   40259.9   70.45
  354   39379.3   40259.9   70.45
  354   39379.3   40259.9   70.45
  355   34431.0   35540.8    5.17
  355   34431.0   35540.8    5.17
  355   34431.0   35540.8    5.17
  356   35522.7   36926.0   -2.20
  356   35522.7   36926.0   -2.20
  356   35522.7   36926.0   -2.20
  357   37501.3   36457.1   49.31
  357   37501.3   36457.1   49.31
  357   37501.3   36457.1   49.31
  357   37501.3   36457.1   49.31
  358   32185.0   30510.8   74.20
  358   32185.0   30510.8   74.20
  358   32185.0   30510.8   74.20
  359   32171.5   33023.4   -5.18
  360   31130.9   32296.2   -7.06
  360   31130.9   32296.2   -7.06
  361   31043.3   31899.6   -4.11
  362   30562.0   32304.5   -8.94
  363   25984.8   26450.6   81.06
  363   25984.8   26450.6   81.06
  364   39206.9   41543.6    6.57
  364   39206.9   41543.6    6.57
  365   40574.3   39972.8   80.01
  365   40574.3   39972.8   80.01
  366   38970.6   41879.7    2.12
  366   38970.6   41879.7    2.12
  367   35989.9   36820.2   -5.11
  368   33546.0   34994.7   -6.17
  369   29315.3   31833.3   -3.22
  370   28538.2   27078.1   72.21
  371   31083.5   29547.0   67.50
  371   31083.5   29547.0   67.50
  371   31083.5   29547.0   67.50
  371   31083.5   29547.0   67.50
  372   46981.3   47831.5   -2.90
  372   46981.3   47831.5   -2.90
  373   47288.8   48143.9   38.42
  374   40044.5   41354.5   56.70
  375   36005.8   37956.0   29.53
  375   36005.8   37956.0   29.53
  376   36284.5   36982.6   51.75
  376   36284.5   36982.6   51.75
  376   36284.5   36982.6   51.75
  377   38468.4   38946.1   29.21
  377   38468.4   38946.1   29.21
  377   38468.4   38946.1   29.21
  377   38468.4   38946.1   29.21
  378   33008.4   31106.8    3.89
  378   33008.4   31106.8    3.89
  379   33976.4   35428.4   29.79
  379   33976.4   35428.4   29.79
  379   33976.4   35428.4   29.79
  380   28846.5   30636.1   69.09
  380   28846.5   30636.1   69.09
  381   31256.6   31732.8   37.45
  381   31256.6   31732.8   37.45
  381   31256.6   31732.8   37.45
  382   32708.5   33151.5   50.76
  382   32708.5   33151.5   50.76
  383   40867.9   41761.9   18.53
  383   40867.9   41761.9   18.53
  384   38625.4   40105.2   29.18
  384   38625.4   40105.2   29.18
  385   38458.2   39123.6   60.01
  385   38458.2   39123.6   60.01
  385   38458.2   39123.6   60.01
  385   38458.2   39123.6   60.01
  386   36690.5   37644.0   44.41
  386   36690.5   37644.0   44.41
  386   36690.5   37644.0   44.41
  387   34885.7   36305.5   56.14
  387   34885.7   36305.5   56.14
  388   33932.8   34995.5   49.39
  389   35630.5   36183.7   36.25
  389   35630.5   36183.7   36.25
  389   35630.5   36183.7   36.25
  390   34554.9   35920.1   35.01
  390   34554.9   35920.1   35.01
  390   34554.9   35920.1   35.01
  391   31286.7   32578.8   35.20
  392   28429.6   29493.3   68.10
  393   29863.3   31226.4   46.26
  394   28493.7   29195.6   40.31
  394   28493.7   29195.6   40.31
  395   24670.1   25826.3   47.72
  395   24670.1   25826.3   47.72
  396   44353.6   44913.2   52.73
  396   44353.6   44913.2   52.73
  396   44353.6   44913.2   52.73
  396   44353.6   44913.2   52.73
  397   38543.0   40722.9   57.30
  397   38543.0   40722.9   57.30
  397   38543.0   40722.9   57.30
  398   38453.4   40211.7   49.52
  398   38453.4   40211.7   49.52
  398   38453.4   40211.7   49.52
  398   38453.4   40211.7   49.52
  399   37858.8   39074.2   39.45
  400   35765.0   36776.5   30.25
  400   35765.0   36776.5   30.25
  401   35543.4   36704.7   43.53
  402   36139.2   37135.7   52.83
  403   32931.0   33946.0   47.00
  403   32931.0   33946.0   47.00
  403   32931.0   33946.0   47.00
  403   32931.0   33946.0   47.00
  403   32931.0   33946.0   47.00
  404   30903.6   31972.3   41.00
  404   30903.6   31972.3   41.00
  405   31060.8   31733.4   46.57
  406   28047.8   28862.0   67.31
  406   28047.8   28862.0   67.31
  406   28047.8   28862.0   67.31
  407   42483.4   41401.4   59.79
  407   42483.4   41401.4   59.79
  408   42736.4   40424.4   83.90
  409   41646.6   40463.9   65.62
  410   40581.3   42535.6   -3.60
  410   40581.3   42535.6   -3.60
  411   36695.3   35226.9   71.03
  412   36544.3   38421.5   -7.48
  412   36544.3   38421.5   -7.48
  413   36330.5   38636.6    0.42
  413   36330.5   38636.6    0.42
  413   36330.5   38636.6    0.42
  413   36330.5   38636.6    0.42
  413   36330.5   38636.6    0.42
  414   36315.4   35544.5   35.42
  415   31618.5   31381.1   12.67
  415   31618.5   31381.1   12.67
  415   31618.5   31381.1   12.67
  416   28361.3   29065.9   15.94
  416   28361.3   29065.9   15.94
  417   41903.5   41403.6   66.22
  417   41903.5   41403.6   66.22
  417   41903.5   41403.6   66.22
  418   40494.6   38492.3   27.93
  419   38361.2   40059.4   18.50
  420   39090.7   39973.3    5.26
  420   39090.7   39973.3    5.26
  420   39090.7   39973.3    5.26
  421   33691.4   35357.1   -9.47
  421   33691.4   35357.1   -9.47
  421   33691.4   35357.1   -9.47
  421   33691.4   35357.1   -9.47
  422   31115.3   31457.1   40.70
  422   31115.3   31457.1   40.70
  422   31115.3   31457.1   40.70
  423   29843.7   30036.1   -7.50
  424   29512.0   30589.1   -2.83
  425   25860.1   25956.9  -17.17
  425   25860.1   25956.9  -17.17
  426   33237.9   32263.6   78.51
  426   33237.9   32263.6   78.51
  426   33237.9   32263.6   78.51
  426   33237.9   32263.6   78.51
  426   33237.9   32263.6   78.51
  427   35526.3   35030.0   62.43
  428   35949.5   34697.5   66.05
  428   35949.5   34697.5   66.05
  429   36129.4   36301.1   51.41
  429   36129.4   36301.1   51.41
